613
44
864
431
963
756
73
721
564
476
384
887
677
164
856
609
999
900
433
785
851
981
469
535
624
404
185
874
349
571
30
63
759
253
980
79
267
6
142
639
877
464
587
899
528
612
703
803
925
667
892
907
227
792
938
798
976
727
509
474
920
169
1
657
381
617
979
747
600
965
529
104
940
622
96
942
429
202
153
278
947
869
331
114
485
376
129
566
882
901
410
891
986
42
163
2
695
858
192
806
975
983
615
553
394
897
606
323
489
499
734
670
415
799
544
467
483
521
368
754
934
122
755
522
580
5
252
855
939
593
160
57
475
984
825
774
77
524
724
330
265
653
435
574
152
708
971
987
158
996
944
492
320
507
560
166
131
200
859
451
339
921
537
179
333
889
254
491
776
991
135
541
473
134
850
432
466
220
835
409
353
140
970
38
286
770
923
659
693
145
948
932
715
880
438
802
927
302
594
183
322
704
120
193
292
64
47
687
538
397
865
340
130
76
392
335
933
445
658
26
949
43
74
542
713
655
928
156
182
722
674
550
21
242
167
922
649
868
791
115
428
883
299
16
779
460
739
430
244
116
750
645
268
89
561
953
977
929
700
746
526
678
354
138
558
629
905
569
885
602
465
827
514
274
67
843
744
644
294
86
575
513
147
290
132
461
926
391
369
281
60
833
919
29
671
726
218
393
48
447
621
673
235
107
515
36
572
59
912
878
576
171
630
735
954
87
341
479
301
767
820
263
4
787
319
212
487
896
112
595
879
716
344
924
994
93
955
579
816
441
718
113
125
647
440
387
780
642
247
596
308
71
379
304
549
737
757
794
373
719
187
607
217
534
419
591
95
118
813
950
215
173
680
857
815
41
450
477
248
291
366
777
143
209
626
496
69
637
359
519
964
614
730
383
318
573
760
424
144
210
119
801
317
845
686
503
778
327
502
556
873
985
831
697
106
772
399
823
822
40
720
809
448
287
679
470
207
195
867
786
696
666
876
834
255
699
520
211
382
582
219
400
240
421
783
800
312
303
264
224
904
388
936
751
543
931
608
790
548
459
540
422
493
81
585
443
749
601
385
155
568
7
66
184
13
188
852
307
31
888
959
454
17
533
611
683
689
346
818
597
681
860
238
50
334
848
745
243
736
37
23
740
15
53
605
539
355
501
316
913
672
935
33
9
229
413
937
819
486
412
828
782
342
343
365
488
197
417
250
570
439
90
555
915
490
807
551
894
199
181
154
916
194
752
627
28
49
213
764
930
481
789
664
177
377
39
961
411
416
814
306
295
838
562
374
1000
516
239
495
958
494
635
604
768
206
326
3
423
425
109
723
172
97
311
656
232
581
398
329
84
763
634
917
121
256
993
795
547
636
962
395
436
846
992
216
633
236
738
709
584
968
453
871
511
27
249
62
875
358
78
321
625
988
685
512
531
909
862
665
765
141
668
632
941
174
830
345
198
165
446
35
75
350
728
641
616
332
61
309
276
68
356
201
652
881
623
523
18
313
732
92
186
442
583
902
545
628
444
729
872
710
370
272
103
45
890
178
196
246
284
162
266
698
396
100
111
127
105
810
650
386
805
99
943
221
231
618
482
83
472
903
995
20
234
159
808
126
251
8
517
598
973
766
824
500
405
406
480
157
262
314
310
214
65
91
854
946
82
261
245
408
269
684
812
898
906
484
589
260
418
692
12
367
773
530
293
694
380
525
51
711
567
283
518
296
705
10
305
434
362
426
688
853
911
662
14
136
758
280
536
351
285
420
437
133
886
811
337
54
546
588
972
237
34
590
32
675
300
532
170
427
204
297
731
407
753
390
279
918
643
277
72
22
325
462
742
271
837
841
989
282
497
884
842
619
328
654
190
552
895
360
324
578
139
205
123
508
19
151
137
403
259
866
228
94
378
527
863
771
691
191
161
168
707
24
102
402
796
189
222
375
717
298
893
371
289
638
969
651
372
974
577
712
478
257
275
559
761
631
148
660
978
982
363
389
861
682
336
456
733
506
706
762
505
225
85
960
452
844
603
52
669
914
640
557
463
504
101
610
223
70
957
11
498
586
56
180
714
554
836
510
348
690
401
997
967
315
849
599
817
701
725
80
839
146
233
990
998
952
788
361
468
748
648
769
775
821
910
471
273
702
458
108
124
592
258
58
945
241
150
175
270
829
563
646
620
149
663
364
870
457
203
908
743
741
784
449
847
117
840
46
966
230
338
357
226
55
793
951
804
128
288
565
110
25
98
176
832
347
781
414
956
352
676
88
826
208
661
797
455
